gravity=12
levelmodtext=Low gravity
0	0	200	380
240	0	300	380
340	0	600	400
600	0	800	120
680	310	720	350
800	0	1000	420
1140	340	1200	540
1280	340	1282	540
1360	340	1362	540
1440	340	1442	540
1520	340	1522	540
1600	340	1602	540
1680	340	1682	540
1760	340	1762	540
1840	340	1842	540
1920	340	1980	540
2020	250	2022	540
2100	260	2102	540
2180	270	2182	540
2260	280	2262	540
2340	290	2342	540
2420	300	2422	540
2500	310	2502	540
2580	320	2582	540
2660	330	2662	540
2740	340	2800	540
2880	340	2882	540
2960	340	2962	540
3040	340	3042	540
3120	340	3122	540
3200	0	3260	160
3200	320	3260	540
3500	0	3560	220
3500	380	3560	540
3800	0	3860	280
3800	440	3860	540